07088329809,
08035732537,
09153345064,
08039467928,
09063549672,
08105307131,
09077116818,
08165624628,
07034492400,
08038838177,
08038778496,
08071277751,
08133482765,
08037106157,
07087915079,
08034860903,
09038234851,
08088998027,
08104828495,
08035271296,
09078635788,
08057407466,
08025680597,
07067430140,
08130015332,
09035234763,
08064582444,
07068431677,
07047711114,
09060446001,
08051932152,
08054784777,
08063988363,
08169965077,
08136751003,
08145554358,
08033885246,
08034576103,
08132906658,
08066580554,
08163999978,
09073338804,
07062506023,
09060231402,
08037099857,
09167816689,
08064039157,
08030862655,
09165749845,
07089950206,
08064468238,
07037164866,
07032372605,
08064689170,
08025840130,
08140839169,
08124223332,
08154258543,
08066640997,
08037760020,
08069332332,
08030690839,
09022103279,
09168591938,
08160646449,
07030580970,
08037446240,
08116588669,
09023075034,
09068985549,
07066987333,
08063529749,
08163377457,
09046494960,
08119527325,
07060553340,
08064582444,
09169729521,
08121684246,
08034261686,
08133674203,
08028668606,
07030067370,
08028391278,
08038179011,
07044238599,
07031512285,
07085490841,
07040336654,
08133228519,
09065225099,
08148254571,
07089918771,
08065625080,
08033353835,
08038060341,
08021080260,
08021080260,
08033766247,
08068947727,
07018127668,
08138916336,
08027801006,
08147517098,
08036678216,
08066539610,
08144367786,
08066156698,
08059037396,
08031137192,
09018784785,
08187342710,
08033283805,
08065839837,
08067215509,
08069759268,
08101515343,
08167714041,
08066640993,
09159669165,
08137804883,
08169677543,
07063282382


PH
===


08170070250,
08069432183,
08060499548,
08060503841,
07054275936,
08060245434,
07033877718,
08036967566,
08032714538,
08033186677,
08023113650,
08059596842,
08093072194,
08063635802,
09043748308,
08164186065,
08037767194,
07045904740,
08132840093,
08161230842,
07035798804,
09055688514,
08038018884,
08036701197,
09035285481,
08063501747,
08054468303,
07051357048,
09057871690,
07033241101,
08107813120,
08037112295,
07088444579,
09051903357,
08138581997,

